1516879912.195754 	100000 
1516879912.798834 	100001 
1516879913.401071 	100002 
1516879914.004587 	100003 
1516879914.608018 	100004 
1516879915.210333 	100005 
1516879915.813557 	100006 
1516879916.417317 	100007 
1516879917.020504 	100008 
1516879917.622365 	100009 
1516879918.226032 	100010 
1516879918.828361 	100011 
1516879919.432245 	100012 
1516879920.035421 	100013 
1516879920.637223 	100014 
1516879921.239760 	100015 
1516879921.843047 	100016 
1516879922.444903 	100017 
1516879923.048570 	100018 
1516879923.652289 	100019 
1516879924.257166 	100020 
1516879924.860022 	100021 
1516879925.463237 	100022 
1516879926.065699 	100023 
1516879926.668981 	100024 
1516879927.272523 	100025 
1516879927.875826 	100026 
1516879928.478136 	100027 
1516879929.081838 	100028 
1516879929.684679 	100029 
1516879930.287167 	100030 
1516879930.890300 	100031 
1516879931.493860 	100032 
1516879932.096222 	100033 
1516879932.699309 	100034 
1516879933.304135 	100035 
1516879933.905171 	100036 
1516879934.508497 	100037 
1516879935.112185 	100038 
1516879935.714205 	100039 
1516879936.317777 	100040 
1516879936.921352 	100041 
1516879937.523587 	100042 
1516879938.126698 	100043 
1516879938.729882 	100044 
1516879939.332546 	100045 
1516879939.935662 	100046 
1516879940.538163 	100047 
1516879941.142752 	100048 
1516879941.744689 	100049 
1516879942.348271 	100050 
1516879942.951601 	100051 
1516879943.553886 	100052 
1516879944.157330 	100053 
1516879944.758743 	100054 
1516879945.364123 	100055 
1516879945.966186 	100056 
1516879946.568399 	100057 
1516879947.172991 	100058 
1516879947.775154 	100059 
1516879948.378836 	100060 
1516879948.980643 	100061 
1516879949.584121 	100062 
1516879950.186314 	100063 
1516879950.789306 	100064 
1516879951.393157 	100065 
1516879951.995532 	100066 
1516879952.598854 	100067 
1516879953.202425 	100068 
1516879953.805606 	100069 
1516879954.408333 	100070 
1516879955.011524 	100071 
1516879955.613864 	100072 
1516879956.215563 	100073 
1516879956.820424 	100074 
1516879957.422606 	100075 
1516879958.025847 	100076 
1516879958.629341 	100077 
1516879959.231692 	100078 
1516879959.834783 	100079 
1516879960.438698 	100080 
1516879961.040442 	100081 
1516879961.644176 	100082 
1516879962.246876 	100083 
1516879962.848889 	100084 
1516879963.455161 	100085 
1516879964.058747 	100086 
1516879964.660870 	100087 
1516879965.264488 	100088 
1516879965.866918 	100089 
1516879966.469845 	100090 
1516879967.073605 	100091 
1516879967.676999 	100092 
1516879968.278849 	100093 
1516879968.882266 	100094 
1516879969.488236 	100095 
1516879970.090295 	100096 
1516879970.693649 	100097 
1516879971.296571 	100098 
1516879971.900113 	100099 
1516879972.502326 	100100 
1516879973.105766 	100101 
1516879973.709312 	100102 
1516879974.312727 	100103 
1516879974.914724 	100104 
1516879975.517955 	100105 
1516879976.121457 	100106 
1516879976.723878 	100107 
1516879977.327510 	100108 
1516879977.930624 	100109 
1516879978.533048 	100110 
1516879979.136556 	100111 
1516879979.738691 	100112 
1516879980.342155 	100113 
1516879980.943976 	100114 
1516879981.547877 	100115 
1516879982.151329 	100116 
1516879982.753622 	100117 
1516879983.356976 	100118 
1516879983.960056 	100119 
1516879984.563528 	100120 
1516879985.165770 	100121 
1516879985.767315 	100122 
1516879986.371353 	100123 
1516879986.974603 	100124 
1516879987.577748 	100125 
1516879988.180752 	100126 
1516879988.783974 	100127 
1516879989.386361 	100128 
1516879989.989452 	100129 
1516879990.593274 	100130 
1516879991.195060 	100131 
1516879991.799014 	100132 
1516879992.401434 	100133 
1516879993.004557 	100134 
1516879993.607313 	100135 
1516879994.211192 	100136 
1516879994.813477 	100137 
1516879995.416603 	100138 
1516879996.019873 	100139 
1516879996.621074 	100140 
1516879997.224172 	100141 
1516879997.828101 	100142 
1516879998.431282 	100143 
1516879999.033989 	100144 
1516879999.637143 	100145 
1516880000.240561 	100146 
1516880000.842761 	100147 
1516880001.444819 	100148 
1516880002.049603 	100149 
1516880002.651071 	100150 
1516880003.254963 	100151 
1516880003.856901 	100152 
1516880004.460698 	100153 
1516880005.064093 	100154 
1516880005.665996 	100155 
1516880006.269888 	100156 
1516880006.871632 	100157 
1516880007.475381 	100158 
1516880008.078187 	100159 
1516880008.680989 	100160 
1516880009.284752 	100161 
1516880009.888186 	100162 
1516880010.491132 	100163 
1516880011.094794 	100164 
1516880011.696774 	100165 
1516880012.300577 	100166 
1516880012.902390 	100167 
1516880013.505819 	100168 
1516880014.109300 	100169 
1516880014.711838 	100170 
1516880015.315188 	100171 
1516880015.918227 	100172 
1516880016.521659 	100173 
1516880017.124022 	100174 
1516880017.727079 	100175 
1516880018.329669 	100176 
1516880018.934100 	100177 
1516880019.536433 	100178 
1516880020.139668 	100179 
1516880020.742361 	100180 
1516880021.345447 	100181 
1516880021.949269 	100182 
1516880022.551915 	100183 
1516880023.154697 	100184 
1516880023.757602 	100185 
1516880024.361242 	100186 
1516880024.964967 	100187 
1516880025.566796 	100188 
1516880026.170421 	100189 
1516880026.773753 	100190 
1516880027.377100 	100191 
1516880027.979267 	100192 
1516880028.583002 	100193 
1516880029.185804 	100194 
1516880029.788205 	100195 
1516880030.391892 	100196 
1516880030.994356 	100197 
1516880031.597416 	100198 
1516880032.200416 	100199 
1516880032.803301 	100200 
1516880033.406420 	100201 
1516880034.009952 	100202 
1516880034.612323 	100203 
1516880035.215696 	100204 
1516880035.818713 	100205 
1516880036.421001 	100206 
1516880037.024447 	100207 
1516880037.627907 	100208 
1516880038.230032 	100209 
1516880038.833225 	100210 
1516880039.437004 	100211 
1516880040.038550 	100212 
1516880040.641805 	100213 
1516880041.245113 	100214 
1516880041.847716 	100215 
1516880042.451539 	100216 
1516880043.055015 	100217 
1516880043.658653 	100218 
1516880044.261879 	100219 
1516880044.865149 	100220 
1516880045.467182 	100221 
1516880046.070001 	100222 
1516880046.672867 	100223 
1516880047.275980 	100224 
1516880047.879701 	100225 
1516880048.481243 	100226 
1516880049.085512 	100227 
1516880049.687844 	100228 
1516880050.290983 	100229 
1516880050.894392 	100230 
1516880051.497788 	100231 
1516880052.100062 	100232 
1516880052.703526 	100233 
1516880053.307124 	100234 
1516880053.908995 	100235 
1516880054.512553 	100236 
1516880055.116136 	100237 
1516880055.718298 	100238 
1516880056.321536 	100239 
1516880056.925004 	100240 
1516880057.528083 	100241 
1516880058.130505 	100242 
1516880058.734084 	100243 
1516880059.337264 	100244 
1516880059.939445 	100245 
1516880060.543025 	100246 
1516880061.146175 	100247 
1516880061.748521 	100248 
1516880062.351918 	100249 
1516880062.955546 	100250 
1516880063.557432 	100251 
1516880064.161084 	100252 
1516880064.763292 	100253 
1516880065.366682 	100254 
1516880065.970152 	100255 
1516880066.572268 	100256 
1516880067.175741 	100257 
1516880067.779287 	100258 
1516880068.382428 	100259 
1516880068.984884 	100260 
1516880069.587949 	100261 
1516880070.191557 	100262 
1516880070.793639 	100263 
1516880071.397502 	100264 
1516880071.999505 	100265 
1516880072.602095 	100266 
1516880073.206085 	100267 
1516880073.808178 	100268 
1516880074.411824 	100269 
1516880075.015311 	100270 
1516880075.617465 	100271 
1516880076.220862 	100272 
1516880076.822974 	100273 
1516880077.427602 	100274 
1516880078.030072 	100275 
1516880078.633205 	100276 
1516880079.236653 	100277 
1516880079.838951 	100278 
1516880080.442403 	100279 
1516880081.045701 	100280 
1516880081.647769 	100281 
1516880082.251537 	100282 
1516880082.854846 	100283 
1516880083.456646 	100284 
1516880084.060251 	100285 
1516880084.662647 	100286 
1516880085.265948 	100287 
1516880085.869362 	100288 
1516880086.472540 	100289 
1516880087.074866 	100290 
1516880087.678458 	100291 
1516880088.281290 	100292 
1516880088.885331 	100293 
1516880089.487529 	100294 
1516880090.090498 	100295 
1516880090.694272 	100296 
1516880091.297847 	100297 
1516880091.899491 	100298 
1516880092.503157 	100299 
1516880093.105787 	100300 
1516880093.708768 	100301 
1516880094.311851 	100302 
1516880094.913943 	100303 
1516880095.517984 	100304 
1516880096.120238 	100305 
1516880096.723840 	100306 
1516880097.326932 	100307 
1516880097.930236 	100308 
1516880098.532308 	100309 
1516880099.136082 	100310 
1516880099.737915 	100311 
1516880100.341570 	100312 
1516880100.944027 	100313 
1516880101.547491 	100314 
1516880102.150885 	100315 
1516880102.753249 	100316 
1516880103.357041 	100317 
1516880103.959360 	100318 
1516880104.563199 	100319 
1516880105.165715 	100320 
1516880105.769076 	100321 
1516880106.371576 	100322 
1516880106.974690 	100323 
1516880107.577849 	100324 
1516880108.180214 	100325 
1516880108.783672 	100326 
1516880109.386996 	100327 
1516880109.990497 	100328 
1516880110.593802 	100329 
1516880111.196113 	100330 
1516880111.799108 	100331 
1516880112.400981 	100332 
1516880113.004021 	100333 
1516880113.608198 	100334 
1516880114.211674 	100335 
1516880114.813753 	100336 
1516880115.417060 	100337 
1516880116.020383 	100338 
1516880116.622790 	100339 
1516880117.226318 	100340 
1516880117.829721 	100341 
1516880118.432112 	100342 
1516880119.035125 	100343 
1516880119.638618 	100344 
1516880120.240765 	100345 
1516880120.844653 	100346 
1516880121.447786 	100347 
1516880122.050025 	100348 
1516880122.652965 	100349 
1516880123.255441 	100350 
1516880123.858926 	100351 
1516880124.462703 	100352 
1516880125.066023 	100353 
1516880125.668001 	100354 
1516880126.271744 	100355 
1516880126.873685 	100356 
1516880127.477498 	100357 
1516880128.079514 	100358 
1516880128.682831 	100359 
1516880129.285746 	100360 
1516880129.889803 	100361 
1516880130.491851 	100362 
1516880131.095315 	100363 
1516880131.698564 	100364 
1516880132.302102 	100365 
1516880132.904263 	100366 
1516880133.507906 	100367 
1516880134.110109 	100368 
1516880134.713232 	100369 
1516880135.316949 	100370 
1516880135.920148 	100371 
1516880136.522893 	100372 
1516880137.125908 	100373 
1516880137.729099 	100374 
1516880138.331929 	100375 
1516880138.933960 	100376 
1516880139.536974 	100377 
1516880140.140125 	100378 
1516880140.744018 	100379 
1516880141.345950 	100380 
1516880141.949284 	100381 
1516880142.553026 	100382 
1516880143.156483 	100383 
1516880143.758847 	100384 
1516880144.362267 	100385 
1516880144.964363 	100386 
1516880145.567740 	100387 
1516880146.170924 	100388 
1516880146.773346 	100389 
1516880147.376828 	100390 
1516880147.979132 	100391 
1516880148.582340 	100392 
1516880149.185679 	100393 
1516880149.789254 	100394 
1516880150.391198 	100395 
1516880150.994906 	100396 
1516880151.597935 	100397 
1516880152.200729 	100398 
1516880152.802795 	100399 
1516880153.405587 	100400 
1516880154.009548 	100401 
1516880154.612844 	100402 
1516880155.215238 	100403 
1516880155.818366 	100404 
1516880156.420642 	100405 
1516880157.023566 	100406 
1516880157.627513 	100407 
1516880158.229944 	100408 
1516880158.833206 	100409 
1516880159.435212 	100410 
1516880160.039146 	100411 
1516880160.641142 	100412 
1516880161.244535 	100413 
1516880161.848105 	100414 
1516880162.451531 	100415 
1516880163.053133 	100416 
1516880163.656253 	100417 
1516880164.259965 	100418 
1516880164.862384 	100419 
1516880165.465968 	100420 
1516880166.068193 	100421 
1516880166.671491 	100422 
1516880167.274889 	100423 
1516880167.878428 	100424 
1516880168.480784 	100425 
1516880169.083976 	100426 
1516880169.686303 	100427 
1516880170.289677 	100428 
1516880170.893328 	100429 
1516880171.495456 	100430 
1516880172.098581 	100431 
1516880172.700908 	100432 
1516880173.304627 	100433 
1516880173.906715 	100434 
1516880174.508235 	100435 
1516880175.111997 	100436 
1516880175.715869 	100437 
1516880176.317762 	100438 
1516880176.921651 	100439 
1516880177.525003 	100440 
1516880178.127409 	100441 
1516880178.730499 	100442 
1516880179.334019 	100443 
1516880179.935750 	100444 
1516880180.539600 	100445 
1516880181.142930 	100446 
1516880181.746613 	100447 
1516880182.349000 	100448 
1516880182.952935 	100449 
1516880183.555315 	100450 
1516880184.158665 	100451 
1516880184.761099 	100452 
1516880185.364468 	100453 
1516880185.968009 	100454 
1516880186.571102 	100455 
1516880187.174617 	100456 
1516880187.776811 	100457 
1516880188.379927 	100458 
1516880188.982211 	100459 
1516880189.585891 	100460 
1516880190.189182 	100461 
1516880190.792596 	100462 
1516880191.394519 	100463 
1516880191.997629 	100464 
1516880192.601359 	100465 
1516880193.203485 	100466 
1516880193.807374 	100467 
1516880194.410325 	100468 
1516880195.012648 	100469 
1516880195.616058 	100470 
1516880196.219538 	100471 
1516880196.823061 	100472 
1516880197.424466 	100473 
1516880198.028175 	100474 
1516880198.630863 	100475 
1516880199.234336 	100476 
1516880199.836432 	100477 
1516880200.439613 	100478 
1516880201.043143 	100479 
1516880201.646033 	100480 
1516880202.249853 	100481 
1516880202.852204 	100482 
1516880203.455312 	100483 
1516880204.057975 	100484 
1516880204.661603 	100485 
1516880205.264060 	100486 
1516880205.866715 	100487 
1516880206.470050 	100488 
1516880207.072685 	100489 
1516880207.676046 	100490 
1516880208.279115 	100491 
1516880208.882737 	100492 
1516880209.484666 	100493 
1516880210.088144 	100494 
1516880210.691560 	100495 
1516880211.293896 	100496 
1516880211.897263 	100497 
1516880212.498875 	100498 
1516880213.102412 	100499 
