1591247453.219412 	100000 
1591247453.264352 	100001 
1591247453.306304 	100002 
1591247453.351160 	100003 
1591247453.397129 	100004 
1591247453.440069 	100005 
1591247453.482033 	100006 
1591247453.525013 	100007 
1591247453.566013 	100008 
1591247453.611848 	100009 
1591247453.655809 	100010 
1591247454.054279 	100011 
1591247454.054365 	100012 
1591247454.054396 	100013 
1591247454.054421 	100014 
1591247454.054445 	100015 
1591247454.054469 	100016 
1591247454.054494 	100017 
1591247454.054518 	100018 
1591247454.055499 	100019 
1591247454.100803 	100020 
1591247454.143312 	100021 
1591247454.185683 	100022 
1591247454.227709 	100023 
1591247454.271137 	100024 
1591247454.314004 	100025 
1591247454.356570 	100026 
1591247454.398959 	100027 
1591247454.441456 	100028 
1591247454.483998 	100029 
1591247454.528012 	100030 
1591247454.569303 	100031 
1591247454.612570 	100032 
1591247454.654758 	100033 
1591247454.697664 	100034 
1591247454.740653 	100035 
1591247454.783437 	100036 
1591247454.828488 	100037 
1591247454.870471 	100038 
1591247454.914378 	100039 
1591247454.957318 	100040 
1591247455.000449 	100041 
1591247455.044165 	100042 
1591247455.090107 	100043 
1591247455.133142 	100044 
1591247455.176946 	100045 
1591247455.219967 	100046 
1591247455.262673 	100047 
1591247455.308690 	100048 
1591247455.350473 	100049 
1591247455.392250 	100050 
1591247455.437054 	100051 
1591247455.483477 	100052 
1591247455.525337 	100053 
1591247455.568838 	100054 
1591247455.610179 	100055 
1591247455.652372 	100056 
1591247455.696285 	100057 
1591247455.739298 	100058 
1591247456.051130 	100059 
1591247456.051243 	100060 
1591247456.051293 	100061 
1591247456.051336 	100062 
1591247456.051376 	100063 
1591247456.051656 	100064 
1591247456.051725 	100065 
1591247456.081020 	100066 
1591247456.122850 	100067 
1591247456.170236 	100068 
1591247456.212468 	100069 
1591247456.254176 	100070 
1591247456.296642 	100071 
1591247456.338668 	100072 
1591247456.379564 	100073 
1591247456.424046 	100074 
1591247456.465485 	100075 
1591247456.508502 	100076 
1591247456.551024 	100077 
1591247456.594822 	100078 
1591247456.637447 	100079 
1591247456.678807 	100080 
1591247456.721724 	100081 
1591247456.763371 	100082 
1591247456.804726 	100083 
1591247456.847643 	100084 
1591247456.891581 	100085 
1591247456.933682 	100086 
1591247456.975525 	100087 
1591247457.018688 	100088 
1591247457.060450 	100089 
1591247457.102412 	100090 
1591247457.144390 	100091 
1591247457.186333 	100092 
1591247457.228285 	100093 
1591247457.270793 	100094 
1591247457.320323 	100095 
1591247457.373734 	100096 
1591247457.420606 	100097 
1591247457.462543 	100098 
1591247457.504668 	100099 
1591247457.548544 	100100 
1591247457.590409 	100101 
1591247457.631814 	100102 
1591247457.673393 	100103 
1591247457.715311 	100104 
1591247457.757836 	100105 
1591247457.799318 	100106 
1591247457.841754 	100107 
1591247457.883342 	100108 
1591247457.926272 	100109 
1591247457.967746 	100110 
1591247458.009213 	100111 
1591247458.052556 	100112 
1591247458.095096 	100113 
1591247458.617299 	100114 
1591247458.617419 	100115 
1591247458.617440 	100116 
1591247458.617455 	100117 
1591247458.617469 	100118 
1591247458.617483 	100119 
1591247458.617497 	100120 
1591247458.649507 	100121 
1591247458.691440 	100122 
1591247458.732505 	100123 
1591247458.774934 	100124 
1591247458.822886 	100125 
1591247458.868246 	100126 
1591247458.911091 	100127 
1591247458.957529 	100128 
1591247458.999439 	100129 
1591247459.041479 	100130 
1591247459.082481 	100131 
1591247459.123939 	100132 
1591247459.165348 	100133 
1591247459.207379 	100134 
1591247459.251394 	100135 
1591247459.293801 	100136 
1591247459.336873 	100137 
1591247459.379132 	100138 
1591247459.424091 	100139 
1591247459.465636 	100140 
1591247459.507606 	100141 
1591247459.550772 	100142 
1591247459.592061 	100143 
1591247460.051293 	100144 
1591247460.051377 	100145 
1591247460.059639 	100146 
1591247460.101295 	100147 
1591247460.151490 	100148 
1591247460.194357 	100149 
1591247460.248039 	100150 
1591247460.413424 	100151 
1591247460.546211 	100152 
1591247460.669333 	100153 
1591247460.710683 	100154 
1591247460.751925 	100155 
1591247460.793715 	100156 
1591247460.838532 	100157 
1591247460.880621 	100158 
1591247460.925408 	100159 
1591247460.968384 	100160 
1591247461.010349 	100161 
1591247461.053757 	100162 
1591247461.107045 	100163 
1591247461.217449 	100164 
1591247461.368724 	100165 
1591247461.411851 	100166 
1591247461.455963 	100167 
1591247461.534688 	100168 
1591247461.592836 	100169 
1591247461.633711 	100170 
1591247461.684714 	100171 
1591247461.727352 	100172 
1591247461.770265 	100173 
1591247461.849816 	100174 
1591247461.908665 	100175 
1591247461.950945 	100176 
1591247462.003651 	100177 
1591247462.100427 	100178 
1591247462.147444 	100179 
1591247462.189387 	100180 
1591247462.231880 	100181 
1591247462.274443 	100182 
1591247462.316873 	100183 
1591247462.416547 	100184 
1591247462.460345 	100185 
1591247462.502815 	100186 
1591247462.547682 	100187 
1591247462.590046 	100188 
1591247462.633080 	100189 
1591247462.675589 	100190 
1591247462.718575 	100191 
1591247462.764330 	100192 
1591247462.809787 	100193 
1591247462.852740 	100194 
1591247462.900293 	100195 
1591247463.057923 	100196 
1591247463.100435 	100197 
1591247463.155012 	100198 
1591247463.197734 	100199 
1591247463.261931 	100200 
1591247463.319921 	100201 
1591247463.378189 	100202 
1591247463.482164 	100203 
1591247463.524042 	100204 
1591247463.567911 	100205 
1591247463.612684 	100206 
1591247463.655271 	100207 
1591247464.052121 	100208 
1591247464.135109 	100209 
1591247464.203183 	100210 
1591247464.245091 	100211 
1591247464.409457 	100212 
1591247464.451665 	100213 
1591247464.493098 	100214 
1591247464.535395 	100215 
1591247464.579573 	100216 
1591247464.620987 	100217 
1591247464.669652 	100218 
1591247464.711865 	100219 
1591247464.753706 	100220 
1591247464.801648 	100221 
1591247464.847832 	100222 
1591247464.890463 	100223 
1591247464.936791 	100224 
1591247464.979256 	100225 
1591247465.028182 	100226 
1591247465.076397 	100227 
1591247465.122741 	100228 
1591247465.176927 	100229 
1591247465.220869 	100230 
1591247465.263805 	100231 
1591247465.313565 	100232 
1591247465.390837 	100233 
1591247465.432633 	100234 
1591247465.474610 	100235 
1591247465.518698 	100236 
1591247465.560849 	100237 
1591247465.604446 	100238 
1591247465.646385 	100239 
1591247465.959707 	100240 
1591247466.006635 	100241 
1591247466.048982 	100242 
1591247466.090585 	100243 
1591247466.133462 	100244 
1591247466.175994 	100245 
1591247466.218132 	100246 
1591247466.259936 	100247 
1591247466.302465 	100248 
1591247466.345408 	100249 
1591247466.387813 	100250 
1591247466.430724 	100251 
1591247466.472706 	100252 
1591247466.518179 	100253 
1591247466.561110 	100254 
1591247466.602634 	100255 
1591247466.644557 	100256 
1591247466.687054 	100257 
1591247466.729951 	100258 
1591247466.773867 	100259 
1591247466.815480 	100260 
1591247466.858367 	100261 
1591247466.900891 	100262 
1591247466.942786 	100263 
1591247466.984775 	100264 
1591247467.027681 	100265 
1591247467.069684 	100266 
1591247467.112585 	100267 
1591247467.155577 	100268 
1591247467.197545 	100269 
1591247467.239487 	100270 
1591247467.282380 	100271 
1591247467.324458 	100272 
1591247467.367411 	100273 
1591247467.410299 	100274 
1591247467.451880 	100275 
1591247467.494234 	100276 
1591247467.537249 	100277 
1591247467.578708 	100278 
1591247467.620180 	100279 
1591247467.662123 	100280 
1591247467.704139 	100281 
1591247467.746035 	100282 
1591247467.788016 	100283 
1591247467.829931 	100284 
1591247467.871998 	100285 
1591247467.913873 	100286 
1591247467.955921 	100287 
1591247467.998814 	100288 
1591247468.042161 	100289 
1591247468.084353 	100290 
1591247468.126236 	100291 
1591247468.168250 	100292 
1591247468.210656 	100293 
1591247468.253030 	100294 
1591247468.295590 	100295 
1591247468.338425 	100296 
1591247468.381374 	100297 
1591247468.423883 	100298 
1591247468.466977 	100299 
1591247468.509316 	100300 
1591247468.552230 	100301 
1591247468.594561 	100302 
1591247468.637116 	100303 
1591247468.679327 	100304 
1591247468.722663 	100305 
1591247468.764574 	100306 
1591247468.806603 	100307 
1591247468.850666 	100308 
1591247468.892479 	100309 
1591247468.934583 	100310 
1591247468.976436 	100311 
1591247469.018507 	100312 
1591247469.059918 	100313 
1591247469.102372 	100314 
1591247469.144316 	100315 
1591247469.185837 	100316 
1591247469.227787 	100317 
1591247469.269151 	100318 
1591247469.310300 	100319 
1591247469.354204 	100320 
1591247469.396612 	100321 
1591247469.438570 	100322 
1591247469.482549 	100323 
1591247469.525058 	100324 
1591247469.568013 	100325 
1591247469.610467 	100326 
1591247469.652543 	100327 
1591247469.694990 	100328 
1591247469.736897 	100329 
1591247469.779790 	100330 
1591247469.823397 	100331 
1591247469.865204 	100332 
1591247469.906730 	100333 
1591247469.949839 	100334 
1591247469.992205 	100335 
1591247470.034183 	100336 
1591247470.077571 	100337 
1591247470.120557 	100338 
1591247470.162460 	100339 
1591247470.205993 	100340 
1591247470.249893 	100341 
1591247470.292396 	100342 
1591247470.334588 	100343 
1591247470.377257 	100344 
1591247470.420287 	100345 
1591247470.461928 	100346 
1591247470.506267 	100347 
1591247470.549001 	100348 
1591247470.591048 	100349 
1591247470.634973 	100350 
1591247470.677862 	100351 
1591247470.719916 	100352 
1591247470.761810 	100353 
1591247470.806730 	100354 
1591247470.848697 	100355 
1591247470.890664 	100356 
1591247470.932572 	100357 
1591247470.974621 	100358 
1591247471.017628 	100359 
1591247471.059516 	100360 
1591247471.102665 	100361 
1591247471.145457 	100362 
1591247471.187469 	100363 
1591247471.230429 	100364 
1591247471.273253 	100365 
1591247471.316157 	100366 
1591247471.358186 	100367 
1591247471.400194 	100368 
1591247471.443091 	100369 
1591247471.485253 	100370 
1591247471.527570 	100371 
1591247471.570538 	100372 
1591247471.613036 	100373 
1591247471.654927 	100374 
1591247471.698228 	100375 
1591247471.741365 	100376 
1591247471.783249 	100377 
1591247471.825761 	100378 
1591247471.868021 	100379 
1591247471.911174 	100380 
1591247471.954131 	100381 
1591247471.995771 	100382 
1591247472.037128 	100383 
1591247472.080008 	100384 
1591247472.121534 	100385 
1591247472.162992 	100386 
1591247472.206006 	100387 
1591247472.247599 	100388 
1591247472.289883 	100389 
1591247472.331850 	100390 
1591247472.373845 	100391 
1591247472.416804 	100392 
1591247472.459790 	100393 
1591247472.501815 	100394 
1591247472.545630 	100395 
1591247472.588594 	100396 
1591247472.629855 	100397 
1591247472.672996 	100398 
1591247472.715463 	100399 
1591247472.756975 	100400 
1591247472.798936 	100401 
1591247472.840950 	100402 
1591247472.884045 	100403 
1591247472.925359 	100404 
1591247472.969269 	100405 
1591247473.010888 	100406 
1591247473.055820 	100407 
1591247473.095648 	100408 
1591247473.137197 	100409 
1591247473.180128 	100410 
1591247473.223566 	100411 
1591247473.266678 	100412 
1591247473.308995 	100413 
1591247473.352079 	100414 
1591247473.868347 	100415 
1591247473.868405 	100416 
1591247473.868426 	100417 
1591247473.868443 	100418 
1591247473.868460 	100419 
1591247473.868476 	100420 
1591247473.868492 	100421 
1591247473.868575 	100422 
1591247473.868594 	100423 
1591247473.868611 	100424 
1591247473.868627 	100425 
1591247473.868644 	100426 
1591247473.904912 	100427 
1591247473.946466 	100428 
1591247473.988439 	100429 
1591247474.031360 	100430 
1591247474.073290 	100431 
1591247474.115316 	100432 
1591247474.158284 	100433 
1591247474.200313 	100434 
1591247474.243176 	100435 
1591247474.286113 	100436 
1591247474.327647 	100437 
1591247474.370072 	100438 
1591247474.412934 	100439 
1591247474.455083 	100440 
1591247474.497861 	100441 
1591247474.540863 	100442 
1591247474.582849 	100443 
1591247474.625773 	100444 
1591247474.668800 	100445 
1591247474.710704 	100446 
1591247474.753641 	100447 
1591247474.796525 	100448 
1591247474.838655 	100449 
1591247474.882442 	100450 
1591247474.925411 	100451 
1591247474.967709 	100452 
1591247475.011325 	100453 
1591247475.052875 	100454 
1591247475.093806 	100455 
1591247475.136291 	100456 
1591247475.179176 	100457 
1591247475.221188 	100458 
1591247475.263111 	100459 
1591247475.306089 	100460 
1591247475.348958 	100461 
1591247475.392020 	100462 
1591247475.435033 	100463 
1591247475.477966 	100464 
1591247475.520792 	100465 
1591247475.563851 	100466 
1591247475.607049 	100467 
1591247475.649987 	100468 
1591247475.692049 	100469 
1591247475.735009 	100470 
1591247475.778802 	100471 
1591247475.821510 	100472 
1591247475.863418 	100473 
1591247475.906328 	100474 
1591247475.948232 	100475 
1591247475.991265 	100476 
1591247476.034284 	100477 
1591247476.076813 	100478 
1591247476.118301 	100479 
1591247476.161073 	100480 
1591247476.204055 	100481 
1591247476.246035 	100482 
1591247476.287954 	100483 
1591247476.328967 	100484 
1591247476.370589 	100485 
1591247476.413873 	100486 
1591247476.457832 	100487 
1591247476.499744 	100488 
1591247476.541739 	100489 
1591247476.584922 	100490 
1591247476.628923 	100491 
1591247476.672117 	100492 
1591247476.714615 	100493 
1591247476.757579 	100494 
1591247476.802597 	100495 
1591247476.845533 	100496 
1591247476.888589 	100497 
1591247476.933415 	100498 
1591247476.974792 	100499 
1591247477.016023 	100500 
1591247477.057505 	100501 
1591247477.099054 	100502 
1591247477.140723 	100503 
1591247477.182984 	100504 
1591247477.225074 	100505 
1591247477.266769 	100506 
1591247477.307896 	100507 
1591247477.349624 	100508 
1591247477.392820 	100509 
1591247477.434861 	100510 
1591247477.477803 	100511 
1591247477.520830 	100512 
1591247477.564814 	100513 
1591247477.606449 	100514 
1591247477.648770 	100515 
1591247477.690869 	100516 
1591247477.733864 	100517 
1591247477.776394 	100518 
1591247477.818033 	100519 
1591247477.860336 	100520 
1591247477.902497 	100521 
1591247477.944349 	100522 
1591247477.987254 	100523 
1591247478.029283 	100524 
1591247478.072175 	100525 
1591247478.115122 	100526 
1591247478.157043 	100527 
1591247478.199997 	100528 
1591247478.241963 	100529 
1591247478.283385 	100530 
1591247478.325001 	100531 
1591247478.366844 	100532 
1591247478.409003 	100533 
1591247478.450938 	100534 
1591247478.493845 	100535 
1591247478.535869 	100536 
1591247478.577775 	100537 
1591247478.619715 	100538 
1591247478.661353 	100539 
1591247478.702685 	100540 
1591247478.744614 	100541 
1591247478.786145 	100542 
1591247478.829531 	100543 
1591247478.872494 	100544 
1591247478.914324 	100545 
1591247478.957403 	100546 
1591247478.999286 	100547 
1591247479.041474 	100548 
1591247479.084299 	100549 
1591247479.128234 	100550 
1591247479.173088 	100551 
1591247479.221086 	100552 
1591247479.271156 	100553 
1591247479.317072 	100554 
1591247479.370699 	100555 
1591247479.420134 	100556 
1591247479.469327 	100557 
1591247479.516171 	100558 
1591247479.564624 	100559 
1591247479.619575 	100560 
1591247479.669079 	100561 
1591247479.711052 	100562 
1591247479.758781 	100563 
1591247479.803645 	100564 
1591247479.848489 	100565 
1591247479.896394 	100566 
1591247479.941491 	100567 
1591247479.983272 	100568 
1591247480.025157 	100569 
1591247480.066196 	100570 
1591247480.108740 	100571 
1591247480.152432 	100572 
1591247480.195562 	100573 
1591247480.240916 	100574 
1591247480.287770 	100575 
1591247480.331781 	100576 
1591247480.373633 	100577 
1591247480.415539 	100578 
1591247480.458570 	100579 
1591247480.501633 	100580 
1591247480.544425 	100581 
1591247480.587031 	100582 
1591247480.629740 	100583 
1591247480.675201 	100584 
1591247480.717713 	100585 
1591247480.760124 	100586 
1591247480.802141 	100587 
1591247480.845136 	100588 
1591247480.887991 	100589 
1591247480.929902 	100590 
1591247480.971620 	100591 
1591247481.012915 	100592 
1591247481.055856 	100593 
1591247481.097978 	100594 
1591247481.139800 	100595 
1591247481.181786 	100596 
1591247481.224734 	100597 
1591247481.268689 	100598 
1591247481.312534 	100599 
1591247481.355529 	100600 
1591247481.399361 	100601 
1591247481.441387 	100602 
1591247481.484349 	100603 
1591247481.527306 	100604 
1591247481.775460 	100605 
1591247481.823668 	100606 
1591247481.869908 	100607 
1591247481.914763 	100608 
1591247481.956769 	100609 
1591247481.998707 	100610 
1591247482.041660 	100611 
1591247482.083629 	100612 
1591247482.279733 	100613 
1591247482.320894 	100614 
1591247482.362764 	100615 
1591247482.406735 	100616 
1591247482.450528 	100617 
1591247482.637323 	100618 
1591247482.694822 	100619 
1591247482.737935 	100620 
1591247482.792408 	100621 
1591247482.836360 	100622 
1591247482.886112 	100623 
1591247482.961496 	100624 
1591247483.002703 	100625 
1591247483.055128 	100626 
1591247483.302408 	100627 
1591247483.343986 	100628 
1591247483.427994 	100629 
1591247483.470985 	100630 
1591247483.515658 	100631 
1591247483.559361 	100632 
1591247483.600894 	100633 
1591247483.643311 	100634 
1591247483.689208 	100635 
1591247483.731175 	100636 
1591247483.776090 	100637 
1591247483.822013 	100638 
1591247483.863505 	100639 
1591247483.904466 	100640 
1591247483.946911 	100641 
1591247483.991823 	100642 
1591247484.035628 	100643 
1591247484.083568 	100644 
1591247484.143423 	100645 
1591247484.202437 	100646 
1591247484.285989 	100647 
1591247484.332626 	100648 
1591247484.393184 	100649 
1591247484.440118 	100650 
1591247484.482691 	100651 
1591247484.525656 	100652 
1591247484.646176 	100653 
1591247484.744711 	100654 
1591247484.788359 	100655 
1591247484.833300 	100656 
1591247484.881209 	100657 
1591247484.923053 	100658 
1591247484.965884 	100659 
1591247485.007310 	100660 
1591247485.048812 	100661 
1591247485.090330 	100662 
1591247485.132768 	100663 
1591247485.175165 	100664 
1591247485.217864 	100665 
1591247485.259857 	100666 
1591247485.321145 	100667 
1591247485.397719 	100668 
1591247485.441185 	100669 
1591247485.489174 	100670 
1591247485.546682 	100671 
1591247485.595302 	100672 
1591247485.643596 	100673 
1591247485.691059 	100674 
1591247485.736077 	100675 
1591247485.785043 	100676 
1591247485.831841 	100677 
1591247485.877833 	100678 
1591247485.920813 	100679 
1591247485.965408 	100680 
1591247486.008363 	100681 
1591247486.049933 	100682 
1591247486.091363 	100683 
1591247486.133401 	100684 
1591247486.174667 	100685 
1591247486.218061 	100686 
1591247486.261952 	100687 
1591247486.303942 	100688 
1591247486.345075 	100689 
1591247486.386996 	100690 
1591247486.429722 	100691 
1591247486.471984 	100692 
1591247486.516702 	100693 
1591247486.560636 	100694 
1591247486.602632 	100695 
1591247486.644585 	100696 
1591247486.688519 	100697 
1591247486.732578 	100698 
1591247486.780330 	100699 
1591247486.828164 	100700 
1591247486.874515 	100701 
1591247486.919922 	100702 
1591247486.965802 	100703 
1591247487.012940 	100704 
1591247487.061335 	100705 
1591247487.105265 	100706 
1591247487.148145 	100707 
1591247487.190782 	100708 
1591247487.235116 	100709 
1591247487.279012 	100710 
1591247487.324880 	100711 
1591247487.367883 	100712 
1591247487.412753 	100713 
1591247487.454195 	100714 
1591247487.495765 	100715 
1591247487.537438 	100716 
1591247487.580571 	100717 
1591247487.624515 	100718 
1591247487.667443 	100719 
1591247487.711434 	100720 
1591247487.754304 	100721 
1591247487.795673 	100722 
1591247487.837288 	100723 
1591247487.881256 	100724 
1591247487.923383 	100725 
1591247487.966270 	100726 
1591247488.008281 	100727 
1591247488.057151 	100728 
1591247488.104794 	100729 
1591247488.156532 	100730 
1591247488.202830 	100731 
1591247488.249690 	100732 
1591247488.295189 	100733 
1591247488.337007 	100734 
1591247488.380949 	100735 
1591247488.424876 	100736 
1591247488.468055 	100737 
1591247488.511032 	100738 
1591247488.554094 	100739 
1591247488.597893 	100740 
1591247488.639518 	100741 
1591247488.682730 	100742 
1591247488.724655 	100743 
1591247488.767730 	100744 
1591247488.810626 	100745 
1591247488.852723 	100746 
1591247488.894481 	100747 
1591247488.937596 	100748 
1591247488.985241 	100749 
1591247489.030151 	100750 
1591247489.076832 	100751 
1591247489.118399 	100752 
1591247489.160062 	100753 
1591247489.203789 	100754 
1591247489.247662 	100755 
1591247489.292010 	100756 
1591247489.334853 	100757 
1591247489.376859 	100758 
1591247489.420010 	100759 
1591247489.467468 	100760 
1591247489.520055 	100761 
1591247489.578647 	100762 
1591247489.621477 	100763 
1591247489.663472 	100764 
1591247489.704467 	100765 
1591247489.748396 	100766 
1591247489.790346 	100767 
1591247489.832378 	100768 
1591247489.873670 	100769 
1591247489.916238 	100770 
1591247489.959200 	100771 
1591247490.004084 	100772 
1591247490.047053 	100773 
1591247490.088284 	100774 
1591247490.130936 	100775 
1591247490.175892 	100776 
1591247490.226719 	100777 
1591247490.288124 	100778 
1591247490.329886 	100779 
1591247490.374055 	100780 
1591247490.415350 	100781 
1591247490.458987 	100782 
1591247490.504790 	100783 
1591247490.549698 	100784 
1591247490.598038 	100785 
1591247490.667052 	100786 
1591247490.720524 	100787 
1591247490.765537 	100788 
1591247490.826609 	100789 
1591247490.901410 	100790 
1591247490.944146 	100791 
1591247490.986056 	100792 
1591247491.028978 	100793 
1591247491.093362 	100794 
1591247491.141266 	100795 
1591247491.192921 	100796 
1591247491.239862 	100797 
1591247491.282733 	100798 
1591247491.325795 	100799 
1591247491.368662 	100800 
1591247491.412571 	100801 
1591247491.468773 	100802 
1591247491.517951 	100803 
1591247491.575789 	100804 
1591247491.620543 	100805 
1591247491.674198 	100806 
1591247491.731975 	100807 
1591247491.814611 	100808 
1591247491.856542 	100809 
1591247491.899494 	100810 
1591247491.941476 	100811 
1591247491.984512 	100812 
1591247492.025805 	100813 
1591247492.071308 	100814 
1591247492.114218 	100815 
1591247492.157192 	100816 
1591247492.205051 	100817 
1591247492.248025 	100818 
1591247492.290996 	100819 
1591247492.340814 	100820 
1591247492.388463 	100821 
1591247492.434317 	100822 
1591247492.476353 	100823 
1591247493.047409 	100824 
1591247493.088583 	100825 
1591247493.130282 	100826 
1591247493.177158 	100827 
1591247493.223978 	100828 
1591247493.268902 	100829 
1591247493.312826 	100830 
1591247493.365334 	100831 
1591247493.410582 	100832 
1591247493.452998 	100833 
1591247493.494333 	100834 
1591247493.536187 	100835 
1591247493.578834 	100836 
1591247493.621091 	100837 
1591247493.662009 	100838 
1591247493.703599 	100839 
1591247493.745200 	100840 
1591247493.790217 	100841 
1591247493.840500 	100842 
1591247493.881841 	100843 
1591247493.923818 	100844 
1591247493.967712 	100845 
1591247494.011638 	100846 
1591247494.055411 	100847 
1591247494.096550 	100848 
1591247494.140488 	100849 
1591247494.184522 	100850 
1591247494.226601 	100851 
1591247494.412810 	100852 
1591247494.454150 	100853 
1591247494.497734 	100854 
1591247494.542819 	100855 
1591247494.586793 	100856 
1591247494.628700 	100857 
1591247494.671634 	100858 
1591247494.864704 	100859 
1591247494.911549 	100860 
1591247494.956028 	100861 
1591247495.000349 	100862 
1591247495.042319 	100863 
1591247495.092076 	100864 
1591247495.299170 	100865 
1591247495.388196 	100866 
1591247495.444015 	100867 
1591247495.487567 	100868 
1591247495.535401 	100869 
1591247495.581105 	100870 
1591247495.624080 	100871 
1591247495.684752 	100872 
1591247495.729515 	100873 
1591247495.772418 	100874 
1591247495.818358 	100875 
1591247495.864206 	100876 
1591247495.912041 	100877 
1591247495.955961 	100878 
1591247495.997800 	100879 
1591247496.038832 	100880 
1591247496.081311 	100881 
1591247496.123792 	100882 
1591247496.171636 	100883 
1591247496.220294 	100884 
1591247496.264414 	100885 
1591247496.318134 	100886 
1591247496.359969 	100887 
1591247496.403914 	100888 
1591247496.447781 	100889 
1591247496.494351 	100890 
1591247496.536801 	100891 
1591247496.580624 	100892 
1591247496.624439 	100893 
1591247496.667380 	100894 
1591247496.715195 	100895 
1591247496.756267 	100896 
1591247496.797708 	100897 
1591247496.841159 	100898 
1591247496.883485 	100899 
1591247496.925072 	100900 
1591247496.974910 	100901 
1591247497.023834 	100902 
1591247497.066838 	100903 
1591247497.111512 	100904 
1591247497.156417 	100905 
1591247497.199355 	100906 
1591247497.240458 	100907 
1591247497.283212 	100908 
1591247497.326914 	100909 
1591247497.370287 	100910 
1591247497.416088 	100911 
1591247497.461069 	100912 
1591247497.504018 	100913 
1591247497.554671 	100914 
1591247497.599561 	100915 
1591247497.645481 	100916 
1591247497.719912 	100917 
1591247497.764434 	100918 
1591247497.811462 	100919 
1591247497.852766 	100920 
1591247497.894346 	100921 
1591247497.936258 	100922 
1591247497.979199 	100923 
1591247498.033190 	100924 
1591247498.081943 	100925 
1591247498.123606 	100926 
1591247498.191324 	100927 
1591247498.235888 	100928 
1591247498.278848 	100929 
1591247498.343227 	100930 
1591247498.389601 	100931 
1591247498.483069 	100932 
1591247498.531924 	100933 
1591247498.584539 	100934 
1591247498.648880 	100935 
1591247498.707699 	100936 
1591247498.790799 	100937 
1591247498.862685 	100938 
1591247498.918503 	100939 
1591247498.960986 	100940 
1591247499.002528 	100941 
1591247499.044063 	100942 
1591247499.087239 	100943 
1591247499.131811 	100944 
1591247499.190450 	100945 
1591247499.235962 	100946 
1591247499.277379 	100947 
1591247499.319565 	100948 
1591247499.361033 	100949 
1591247499.403513 	100950 
1591247499.446107 	100951 
1591247499.489192 	100952 
1591247499.538436 	100953 
1591247499.581808 	100954 
1591247499.623867 	100955 
1591247499.665279 	100956 
1591247499.707758 	100957 
1591247499.749206 	100958 
1591247499.790315 	100959 
1591247499.832493 	100960 
1591247499.875616 	100961 
1591247499.918498 	100962 
1591247499.961484 	100963 
1591247500.003154 	100964 
1591247500.044489 	100965 
1591247500.087211 	100966 
1591247500.128372 	100967 
1591247500.169999 	100968 
1591247500.211322 	100969 
1591247500.253298 	100970 
1591247500.294413 	100971 
1591247500.336812 	100972 
1591247500.378477 	100973 
1591247500.421160 	100974 
1591247500.464155 	100975 
1591247500.507324 	100976 
1591247500.550267 	100977 
1591247500.595999 	100978 
1591247500.638886 	100979 
1591247500.682787 	100980 
1591247500.725793 	100981 
1591247500.769049 	100982 
1591247500.813642 	100983 
1591247500.855750 	100984 
1591247500.900546 	100985 
1591247500.944861 	100986 
1591247500.987415 	100987 
1591247501.030274 	100988 
1591247501.071331 	100989 
1591247501.113177 	100990 
1591247501.155477 	100991 
1591247501.197146 	100992 
1591247501.239224 	100993 
1591247501.340751 	100994 
1591247501.384933 	100995 
1591247501.429670 	100996 
1591247501.474575 	100997 
1591247501.517323 	100998 
1591247501.560461 	100999 
1591247501.610143 	101000 
1591247501.654714 	101001 
1591247501.700069 	101002 
1591247501.745844 	101003 
1591247501.788655 	101004 
1591247501.836478 	101005 
1591247501.883331 	101006 
1591247501.929099 	101007 
1591247501.972252 	101008 
1591247502.014243 	101009 
1591247502.064779 	101010 
1591247502.109658 	101011 
1591247502.156563 	101012 
1591247502.201549 	101013 
1591247502.243512 	101014 
1591247502.286613 	101015 
1591247502.329433 	101016 
1591247502.372341 	101017 
1591247502.414367 	101018 
1591247502.457286 	101019 
1591247502.500276 	101020 
1591247502.546113 	101021 
1591247502.590876 	101022 
1591247502.639268 	101023 
1591247502.680758 	101024 
1591247502.737455 	101025 
1591247502.794414 	101026 
1591247502.846674 	101027 
1591247502.888614 	101028 
1591247502.930553 	101029 
1591247502.971663 	101030 
1591247503.013533 	101031 
1591247503.058381 	101032 
1591247503.101482 	101033 
1591247503.146209 	101034 
1591247503.195123 	101035 
1591247503.237278 	101036 
1591247503.281090 	101037 
1591247503.359897 	101038 
1591247503.443305 	101039 
1591247503.488188 	101040 
1591247503.530578 	101041 
1591247503.572976 	101042 
1591247503.615870 	101043 
1591247503.670646 	101044 
1591247503.714414 	101045 
1591247503.763160 	101046 
1591247503.841264 	101047 
1591247503.899362 	101048 
1591247503.952871 	101049 
1591247504.118384 	101050 
1591247504.199047 	101051 
1591247504.257771 	101052 
1591247504.304097 	101053 
1591247504.366576 	101054 
1591247504.439597 	101055 
1591247504.526339 	101056 
1591247504.570362 	101057 
1591247504.611778 	101058 
1591247504.653341 	101059 
1591247504.694249 	101060 
1591247504.748578 	101061 
1591247504.790830 	101062 
1591247504.832763 	101063 
1591247504.875884 	101064 
1591247504.922864 	101065 
1591247504.972552 	101066 
1591247505.015470 	101067 
1591247505.060873 	101068 
1591247505.104241 	101069 
1591247505.152101 	101070 
1591247505.194158 	101071 
1591247505.236322 	101072 
1591247505.277873 	101073 
1591247505.319849 	101074 
1591247505.363828 	101075 
1591247505.406845 	101076 
1591247505.450736 	101077 
1591247505.495539 	101078 
1591247505.540553 	101079 
1591247505.582268 	101080 
1591247505.623731 	101081 
1591247505.665544 	101082 
1591247505.707549 	101083 
1591247505.751596 	101084 
1591247505.800309 	101085 
1591247505.844180 	101086 
1591247505.993338 	101087 
1591247506.087994 	101088 
1591247506.131893 	101089 
1591247506.176978 	101090 
1591247506.228570 	101091 
1591247506.270723 	101092 
1591247506.313701 	101093 
1591247506.356678 	101094 
1591247506.477875 	101095 
1591247506.519861 	101096 
1591247506.562624 	101097 
1591247506.604479 	101098 
1591247506.647437 	101099 
1591247506.689216 	101100 
1591247506.731189 	101101 
1591247506.774121 	101102 
1591247506.818012 	101103 
1591247506.861047 	101104 
1591247506.908098 	101105 
1591247506.954934 	101106 
1591247507.000810 	101107 
1591247507.047686 	101108 
1591247507.093315 	101109 
1591247507.152084 	101110 
1591247507.237384 	101111 
1591247507.278720 	101112 
1591247507.322621 	101113 
1591247507.364687 	101114 
1591247507.412544 	101115 
1591247507.457540 	101116 
1591247507.500613 	101117 
1591247508.042950 	101118 
1591247508.087836 	101119 
1591247508.132751 	101120 
1591247508.177714 	101121 
1591247508.219774 	101122 
1591247508.261194 	101123 
1591247508.305489 	101124 
1591247508.348437 	101125 
1591247508.390490 	101126 
1591247508.433366 	101127 
1591247508.476283 	101128 
1591247508.518801 	101129 
1591247508.561326 	101130 
1591247508.604207 	101131 
1591247508.652218 	101132 
1591247508.692940 	101133 
1591247508.736154 	101134 
1591247508.776892 	101135 
1591247508.819933 	101136 
1591247508.865692 	101137 
1591247508.907725 	101138 
1591247508.949819 	101139 
1591247508.991626 	101140 
1591247509.035679 	101141 
1591247509.569727 	101142 
1591247509.612387 	101143 
1591247509.654461 	101144 
1591247509.696330 	101145 
1591247509.744210 	101146 
1591247509.788250 	101147 
1591247509.830969 	101148 
1591247509.873050 	101149 
1591247509.914937 	101150 
1591247509.956995 	101151 
1591247509.999911 	101152 
1591247510.043837 	101153 
1591247510.085795 	101154 
1591247510.128701 	101155 
1591247510.170702 	101156 
1591247510.213581 	101157 
1591247510.256605 	101158 
1591247510.299465 	101159 
1591247510.341538 	101160 
1591247510.383570 	101161 
1591247510.425441 	101162 
1591247510.468319 	101163 
1591247510.510378 	101164 
1591247510.552361 	101165 
1591247510.594317 	101166 
1591247510.636337 	101167 
1591247510.679254 	101168 
1591247510.721265 	101169 
1591247510.763254 	101170 
1591247510.805600 	101171 
1591247510.847172 	101172 
1591247510.891515 	101173 
1591247510.933938 	101174 
1591247510.975416 	101175 
1591247511.018870 	101176 
1591247511.061862 	101177 
1591247511.104739 	101178 
1591247511.146703 	101179 
1591247511.188845 	101180 
1591247511.238678 	101181 
1591247511.297016 	101182 
1591247511.340937 	101183 
1591247511.382741 	101184 
1591247511.427800 	101185 
1591247511.470246 	101186 
1591247511.511251 	101187 
1591247511.558580 	101188 
1591247511.604460 	101189 
1591247511.697308 	101190 
1591247511.788101 	101191 
1591247511.829277 	101192 
1591247511.876729 	101193 
1591247512.055723 	101194 
1591247512.098787 	101195 
1591247512.161840 	101196 
1591247512.229150 	101197 
1591247512.274040 	101198 
1591247512.316925 	101199 
1591247512.359884 	101200 
1591247512.401897 	101201 
1591247512.442891 	101202 
1591247512.486887 	101203 
1591247512.528781 	101204 
1591247512.569760 	101205 
1591247512.611725 	101206 
1591247512.653762 	101207 
1591247512.695633 	101208 
1591247512.737647 	101209 
1591247512.780567 	101210 
1591247512.822528 	101211 
1591247512.864417 	101212 
1591247512.906527 	101213 
1591247512.948403 	101214 
1591247512.990474 	101215 
1591247513.032376 	101216 
1591247513.074335 	101217 
1591247513.116254 	101218 
1591247513.157806 	101219 
1591247513.201135 	101220 
1591247513.244126 	101221 
1591247513.286153 	101222 
1591247513.329029 	101223 
1591247513.372055 	101224 
1591247513.414004 	101225 
1591247513.456897 	101226 
1591247513.499855 	101227 
1591247513.542899 	101228 
1591247513.584756 	101229 
1591247513.627725 	101230 
1591247513.669878 	101231 
1591247513.712623 	101232 
1591247513.755596 	101233 
1591247513.797025 	101234 
1591247513.839496 	101235 
1591247513.882385 	101236 
1591247513.924480 	101237 
1591247513.966349 	101238 
1591247514.008370 	101239 
1591247514.049866 	101240 
1591247514.091304 	101241 
1591247514.134197 	101242 
1591247514.177280 	101243 
1591247514.220209 	101244 
1591247514.262151 	101245 
1591247514.304157 	101246 
1591247514.347007 	101247 
1591247514.390007 	101248 
1591247514.431510 	101249 
1591247514.473946 	101250 
1591247514.515395 	101251 
1591247514.557959 	101252 
1591247514.599857 	101253 
1591247514.641870 	101254 
1591247514.683918 	101255 
1591247514.725757 	101256 
1591247514.768760 	101257 
1591247514.810290 	101258 
1591247514.851689 	101259 
1591247514.893621 	101260 
1591247514.935722 	101261 
1591247514.977559 	101262 
1591247515.019908 	101263 
1591247515.061549 	101264 
1591247515.103630 	101265 
1591247515.145431 	101266 
1591247515.187487 	101267 
1591247515.230377 	101268 
1591247515.273302 	101269 
1591247515.314810 	101270 
1591247515.356329 	101271 
1591247515.398162 	101272 
1591247515.439292 	101273 
1591247515.484115 	101274 
1591247515.526116 	101275 
1591247515.568095 	101276 
1591247515.610022 	101277 
1591247515.651951 	101278 
1591247515.693675 	101279 
1591247515.736011 	101280 
1591247515.777313 	101281 
1591247515.818405 	101282 
1591247515.859975 	101283 
1591247515.903189 	101284 
1591247515.953247 	101285 
1591247515.996546 	101286 
1591247516.038536 	101287 
1591247516.081514 	101288 
1591247516.124397 	101289 
1591247516.172298 	101290 
1591247516.213771 	101291 
1591247516.255208 	101292 
1591247516.300009 	101293 
1591247516.342134 	101294 
1591247516.384994 	101295 
1591247516.428000 	101296 
1591247516.471897 	101297 
1591247516.515730 	101298 
1591247516.558828 	101299 
1591247516.603739 	101300 
1591247516.648515 	101301 
1591247516.691576 	101302 
1591247516.736400 	101303 
1591247516.779307 	101304 
1591247516.824242 	101305 
1591247516.867130 	101306 
1591247516.913021 	101307 
1591247516.956992 	101308 
1591247517.002965 	101309 
1591247517.047730 	101310 
1591247517.089698 	101311 
1591247517.132623 	101312 
1591247517.174683 	101313 
1591247517.218718 	101314 
1591247517.261468 	101315 
1591247517.304449 	101316 
1591247517.347969 	101317 
1591247517.389310 	101318 
1591247517.431214 	101319 
1591247517.478130 	101320 
1591247517.520057 	101321 
1591247517.563036 	101322 
1591247517.606009 	101323 
1591247517.648957 	101324 
1591247517.691954 	101325 
1591247517.734711 	101326 
1591247517.776907 	101327 
1591247517.819859 	101328 
1591247517.862730 	101329 
1591247517.904689 	101330 
1591247517.947580 	101331 
1591247517.991516 	101332 
1591247518.033521 	101333 
1591247518.075466 	101334 
1591247518.117020 	101335 
1591247518.158666 	101336 
1591247518.201373 	101337 
1591247518.243343 	101338 
1591247518.358369 	101339 
1591247518.400477 	101340 
1591247518.457201 	101341 
1591247518.500115 	101342 
1591247518.544941 	101343 
1591247518.596655 	101344 
1591247518.639144 	101345 
1591247518.689419 	101346 
1591247518.732285 	101347 
1591247518.775282 	101348 
1591247518.817207 	101349 
1591247518.860216 	101350 
1591247518.912922 	101351 
1591247519.016177 	101352 
1591247519.058720 	101353 
1591247519.112011 	101354 
1591247519.242441 	101355 
1591247519.283786 	101356 
1591247519.341335 	101357 
1591247519.395283 	101358 
1591247519.438106 	101359 
1591247519.479486 	101360 
1591247519.521594 	101361 
1591247519.563882 	101362 
1591247519.605968 	101363 
1591247519.657641 	101364 
1591247519.781247 	101365 
1591247519.837041 	101366 
1591247519.891886 	101367 
1591247519.933831 	101368 
1591247519.979719 	101369 
1591247520.027509 	101370 
1591247520.069062 	101371 
1591247520.112418 	101372 
1591247520.159288 	101373 
1591247520.201471 	101374 
1591247520.245147 	101375 
1591247520.291030 	101376 
1591247520.335950 	101377 
1591247520.379843 	101378 
1591247520.428634 	101379 
1591247520.471645 	101380 
1591247520.519620 	101381 
1591247520.561386 	101382 
1591247520.607310 	101383 
1591247520.649271 	101384 
1591247520.693186 	101385 
1591247520.736119 	101386 
1591247520.779061 	101387 
1591247520.821988 	101388 
1591247520.871788 	101389 
1591247520.914540 	101390 
1591247520.962550 	101391 
1591247521.008448 	101392 
1591247521.050968 	101393 
1591247521.096244 	101394 
1591247521.139203 	101395 
1591247521.184088 	101396 
1591247521.231938 	101397 
1591247521.273286 	101398 
1591247521.316859 	101399 
1591247521.363711 	101400 
1591247521.405638 	101401 
1591247521.449538 	101402 
1591247521.492506 	101403 
1591247521.534491 	101404 
1591247521.576422 	101405 
1591247521.619352 	101406 
1591247521.662359 	101407 
1591247521.704326 	101408 
1591247521.748494 	101409 
1591247521.791770 	101410 
1591247521.834144 	101411 
1591247521.877056 	101412 
1591247521.924932 	101413 
1591247521.966845 	101414 
1591247522.009784 	101415 
1591247522.054333 	101416 
1591247522.191360 	101417 
1591247522.238270 	101418 
1591247522.318533 	101419 
1591247522.360269 	101420 
1591247522.402380 	101421 
1591247522.449011 	101422 
1591247522.493023 	101423 
1591247522.534896 	101424 
1591247522.576875 	101425 
1591247522.619884 	101426 
1591247522.666684 	101427 
1591247522.708668 	101428 
1591247522.827227 	101429 
1591247522.868623 	101430 
1591247522.934298 	101431 
1591247522.977134 	101432 
1591247523.020050 	101433 
1591247523.061533 	101434 
1591247523.103023 	101435 
1591247523.146926 	101436 
1591247523.277621 	101437 
1591247523.319687 	101438 
1591247523.361597 	101439 
1591247523.903338 	101440 
1591247523.944374 	101441 
1591247523.988201 	101442 
1591247524.035960 	101443 
1591247524.246201 	101444 
1591247524.418583 	101445 
1591247524.543220 	101446 
1591247524.584390 	101447 
1591247524.689219 	101448 
1591247524.806925 	101449 
1591247524.849496 	101450 
1591247524.892594 	101451 
1591247524.933985 	101452 
1591247524.978466 	101453 
1591247525.026598 	101454 
1591247525.068642 	101455 
1591247525.113107 	101456 
1591247525.261923 	101457 
1591247525.311216 	101458 
1591247525.408320 	101459 
1591247525.450279 	101460 
1591247525.491297 	101461 
1591247525.536857 	101462 
1591247525.580663 	101463 
1591247525.624038 	101464 
1591247525.671889 	101465 
1591247525.713834 	101466 
1591247525.755845 	101467 
1591247525.797727 	101468 
1591247525.839701 	101469 
1591247525.882592 	101470 
1591247525.925774 	101471 
1591247525.968716 	101472 
1591247526.010696 	101473 
1591247526.053348 	101474 
1591247526.095415 	101475 
1591247526.137382 	101476 
1591247526.179332 	101477 
1591247526.221352 	101478 
1591247526.264291 	101479 
1591247526.307315 	101480 
1591247526.350550 	101481 
1591247526.393457 	101482 
1591247526.435252 	101483 
1591247526.476089 	101484 
1591247526.518114 	101485 
1591247526.560991 	101486 
1591247526.603872 	101487 
1591247526.646095 	101488 
1591247526.688276 	101489 
1591247526.731139 	101490 
1591247526.774085 	101491 
1591247526.816662 	101492 
1591247526.859630 	101493 
1591247526.901998 	101494 
1591247526.944732 	101495 
1591247526.987701 	101496 
1591247527.030595 	101497 
1591247527.072407 	101498 
1591247527.114378 	101499 
1591247527.156379 	101500 
1591247527.198287 	101501 
1591247527.241274 	101502 
1591247527.284191 	101503 
1591247527.326165 	101504 
1591247527.368202 	101505 
1591247527.410098 	101506 
1591247527.452005 	101507 
1591247527.494114 	101508 
1591247527.536043 	101509 
1591247527.578019 	101510 
1591247527.620184 	101511 
1591247527.661928 	101512 
1591247527.704944 	101513 
1591247527.746960 	101514 
1591247527.788809 	101515 
1591247527.830721 	101516 
1591247527.872839 	101517 
1591247527.914696 	101518 
1591247527.956033 	101519 
1591247527.998171 	101520 
1591247528.039641 	101521 
1591247528.081553 	101522 
1591247528.123641 	101523 
1591247528.165532 	101524 
1591247528.207503 	101525 
1591247528.249517 	101526 
1591247528.291443 	101527 
1591247528.334327 	101528 
1591247528.376386 	101529 
1591247528.418270 	101530 
1591247528.460283 	101531 
1591247528.502311 	101532 
1591247528.544260 	101533 
1591247528.585195 	101534 
1591247528.628200 	101535 
1591247528.677006 	101536 
1591247528.736631 	101537 
1591247528.779490 	101538 
1591247528.832196 	101539 
1591247528.875151 	101540 
1591247528.917124 	101541 
1591247528.959040 	101542 
1591247529.035417 	101543 
1591247529.083551 	101544 
1591247529.131899 	101545 
1591247529.246716 	101546 
1591247529.289925 	101547 
1591247529.333151 	101548 
1591247529.392469 	101549 
1591247529.512101 	101550 
1591247529.557501 	101551 
1591247529.599307 	101552 
1591247529.642291 	101553 
1591247529.689563 	101554 
1591247529.731076 	101555 
1591247529.775966 	101556 
1591247529.871158 	101557 
1591247529.914587 	101558 
1591247529.955504 	101559 
1591247529.996996 	101560 
1591247530.038686 	101561 
1591247530.114842 	101562 
1591247530.156942 	101563 
1591247530.329374 	101564 
1591247530.396004 	101565 
1591247530.438707 	101566 
1591247530.493431 	101567 
1591247530.556871 	101568 
1591247530.655096 	101569 
1591247530.756950 	101570 
1591247530.929340 	101571 
1591247530.972263 	101572 
1591247531.032129 	101573 
1591247531.079896 	101574 
1591247531.122913 	101575 
1591247531.164768 	101576 
1591247531.278464 	101577 
1591247531.353357 	101578 
1591247531.399048 	101579 
1591247531.462725 	101580 
1591247531.504771 	101581 
1591247532.056466 	101582 
1591247532.097887 	101583 
1591247532.180066 	101584 
1591247532.238584 	101585 
1591247532.281494 	101586 
1591247532.323372 	101587 
1591247532.365260 	101588 
1591247532.408274 	101589 
1591247532.451137 	101590 
1591247532.492253 	101591 
1591247532.534731 	101592 
1591247532.575760 	101593 
1591247532.617137 	101594 
1591247532.660124 	101595 
1591247532.703126 	101596 
1591247532.744971 	101597 
1591247532.799922 	101598 
1591247532.867560 	101599 
1591247532.927752 	101600 
1591247532.969568 	101601 
1591247533.014485 	101602 
1591247533.066232 	101603 
1591247533.108205 	101604 
1591247533.168534 	101605 
1591247533.211539 	101606 
1591247533.264296 	101607 
1591247533.308180 	101608 
1591247533.350167 	101609 
1591247533.397003 	101610 
1591247533.440928 	101611 
1591247533.500584 	101612 
1591247533.542525 	101613 
1591247533.594168 	101614 
1591247533.649976 	101615 
1591247533.692021 	101616 
1591247533.754448 	101617 
1591247533.796293 	101618 
1591247533.837717 	101619 
1591247533.880125 	101620 
1591247533.926008 	101621 
1591247533.968439 	101622 
1591247534.017732 	101623 
1591247534.077301 	101624 
1591247534.118896 	101625 
1591247534.168957 	101626 
1591247534.221721 	101627 
1591247534.264756 	101628 
1591247534.308656 	101629 
1591247534.350669 	101630 
1591247534.392663 	101631 
1591247534.444290 	101632 
1591247534.485705 	101633 
1591247534.536015 	101634 
1591247534.583872 	101635 
1591247534.626625 	101636 
1591247534.669798 	101637 
1591247534.712388 	101638 
1591247534.771195 	101639 
1591247534.814074 	101640 
1591247534.862066 	101641 
1591247534.906915 	101642 
1591247534.949887 	101643 
1591247534.992799 	101644 
1591247535.034720 	101645 
1591247535.077723 	101646 
1591247535.119710 	101647 
1591247535.161651 	101648 
1591247535.203539 	101649 
1591247535.248524 	101650 
1591247535.291467 	101651 
1591247535.333552 	101652 
1591247535.375380 	101653 
1591247535.418276 	101654 
1591247535.463765 	101655 
1591247535.505190 	101656 
1591247535.547180 	101657 
1591247535.588766 	101658 
1591247535.630115 	101659 
1591247535.673133 	101660 
1591247535.714607 	101661 
1591247535.756090 	101662 
1591247535.797975 	101663 
1591247535.841555 	101664 
1591247535.883553 	101665 
1591247535.932763 	101666 
1591247536.064696 	101667 
1591247536.145557 	101668 
1591247536.188429 	101669 
1591247536.266643 	101670 
1591247536.309924 	101671 
1591247536.385693 	101672 
1591247536.428406 	101673 
1591247536.556054 	101674 
1591247536.603398 	101675 
1591247536.660867 	101676 
1591247536.722256 	101677 
1591247536.763289 	101678 
1591247536.805268 	101679 
1591247536.846794 	101680 
1591247536.889591 	101681 
1591247536.978211 	101682 
1591247537.048142 	101683 
1591247537.090225 	101684 
1591247537.133102 	101685 
1591247537.176201 	101686 
1591247537.219009 	101687 
1591247537.262065 	101688 
1591247537.306311 	101689 
1591247537.348707 	101690 
1591247537.391268 	101691 
1591247537.434189 	101692 
1591247537.477194 	101693 
1591247537.519630 	101694 
1591247537.563009 	101695 
1591247537.605977 	101696 
1591247537.649441 	101697 
1591247537.692619 	101698 
1591247537.735325 	101699 
1591247537.777348 	101700 
1591247537.818469 	101701 
1591247537.860016 	101702 
1591247537.901287 	101703 
1591247537.944282 	101704 
1591247537.986352 	101705 
1591247538.028199 	101706 
1591247538.071178 	101707 
1591247538.113097 	101708 
1591247538.155089 	101709 
1591247538.197933 	101710 
1591247538.240008 	101711 
1591247538.282917 	101712 
1591247538.325878 	101713 
1591247538.367585 	101714 
1591247538.409803 	101715 
1591247538.451781 	101716 
1591247538.493774 	101717 
1591247538.535786 	101718 
1591247538.578655 	101719 
1591247538.620752 	101720 
1591247538.662082 	101721 
1591247538.704748 	101722 
1591247538.755385 	101723 
1591247538.797909 	101724 
1591247538.842206 	101725 
1591247538.887261 	101726 
1591247538.945755 	101727 
1591247538.989597 	101728 
1591247539.046305 	101729 
1591247539.104335 	101730 
1591247539.145752 	101731 
1591247539.188682 	101732 
1591247539.230614 	101733 
1591247539.280424 	101734 
1591247539.322423 	101735 
1591247539.363378 	101736 
1591247539.409273 	101737 
1591247539.451256 	101738 
1591247539.497103 	101739 
1591247539.553728 	101740 
1591247539.596333 	101741 
1591247539.639607 	101742 
1591247539.712054 	101743 
1591247539.755675 	101744 
1591247539.797721 	101745 
1591247539.839761 	101746 
1591247539.881655 	101747 
1591247539.924649 	101748 
1591247540.021157 	101749 
1591247540.077500 	101750 
1591247540.118736 	101751 
1591247540.162765 	101752 
1591247540.206200 	101753 
1591247540.248739 	101754 
1591247540.295516 	101755 
1591247540.386930 	101756 
1591247540.428225 	101757 
1591247540.549336 	101758 
1591247540.596108 	101759 
1591247540.638106 	101760 
1591247540.680054 	101761 
1591247540.721214 	101762 
1591247540.962009 	101763 
1591247541.002897 	101764 
1591247541.044092 	101765 
1591247541.085961 	101766 
1591247541.132956 	101767 
1591247541.174795 	101768 
1591247541.216844 	101769 
1591247541.258856 	101770 
1591247541.316066 	101771 
1591247541.357443 	101772 
1591247541.399282 	101773 
1591247541.466891 	101774 
1591247541.520531 	101775 
1591247541.656136 	101776 
1591247541.698008 	101777 
1591247541.739680 	101778 
1591247541.780598 	101779 
1591247541.825894 	101780 
1591247541.867964 	101781 
1591247541.911773 	101782 
1591247541.955884 	101783 
1591247542.001519 	101784 
1591247542.050327 	101785 
1591247542.092720 	101786 
1591247542.135236 	101787 
1591247542.180184 	101788 
1591247542.223188 	101789 
1591247542.265077 	101790 
1591247542.312075 	101791 
1591247542.354444 	101792 
1591247542.395974 	101793 
1591247542.437951 	101794 
1591247542.480791 	101795 
1591247542.522783 	101796 
1591247542.564736 	101797 
1591247542.606800 	101798 
1591247542.648595 	101799 
1591247542.692141 	101800 
1591247542.734701 	101801 
1591247542.776558 	101802 
1591247542.820713 	101803 
1591247542.862418 	101804 
1591247542.904450 	101805 
1591247542.945882 	101806 
1591247542.987374 	101807 
1591247543.029286 	101808 
1591247543.074796 	101809 
1591247543.117648 	101810 
1591247543.163967 	101811 
1591247543.206491 	101812 
1591247543.247925 	101813 
1591247543.290882 	101814 
1591247543.332832 	101815 
1591247543.376761 	101816 
1591247543.422693 	101817 
1591247543.464236 	101818 
1591247543.508548 	101819 
1591247543.551427 	101820 
1591247543.593446 	101821 
1591247543.636328 	101822 
1591247543.679346 	101823 
1591247543.721804 	101824 
1591247543.768134 	101825 
1591247543.812098 	101826 
1591247543.856517 	101827 
1591247543.897949 	101828 
1591247543.942842 	101829 
1591247543.984932 	101830 
1591247544.026786 	101831 
1591247544.069685 	101832 
1591247544.112761 	101833 
1591247544.155686 	101834 
1591247544.201531 	101835 
1591247544.243124 	101836 
1591247544.288394 	101837 
1591247544.336221 	101838 
1591247544.379183 	101839 
1591247544.424068 	101840 
1591247544.465516 	101841 
1591247544.508013 	101842 
1591247544.549901 	101843 
1591247544.591970 	101844 
1591247544.634872 	101845 
1591247544.676783 	101846 
1591247544.719830 	101847 
1591247544.761719 	101848 
1591247544.803876 	101849 
1591247544.846594 	101850 
1591247544.888140 	101851 
1591247544.929570 	101852 
1591247544.971666 	101853 
1591247545.013354 	101854 
1591247545.056874 	101855 
1591247545.097421 	101856 
1591247545.139436 	101857 
1591247545.181430 	101858 
1591247545.224384 	101859 
1591247545.265833 	101860 
1591247545.306675 	101861 
1591247545.348261 	101862 
1591247545.391413 	101863 
1591247545.433147 	101864 
1591247545.474543 	101865 
1591247545.516221 	101866 
1591247545.560113 	101867 
1591247545.604501 	101868 
1591247545.645929 	101869 
1591247545.687961 	101870 
1591247545.731832 	101871 
1591247546.053854 	101872 
1591247546.054242 	101873 
1591247546.054536 	101874 
1591247546.054687 	101875 
1591247546.055052 	101876 
1591247546.055195 	101877 
1591247546.069662 	101878 
1591247546.111541 	101879 
1591247546.155504 	101880 
1591247546.199417 	101881 
1591247546.243309 	101882 
1591247546.285226 	101883 
1591247546.332155 	101884 
1591247546.376058 	101885 
1591247546.419941 	101886 
1591247546.464888 	101887 
1591247546.510735 	101888 
1591247546.558585 	101889 
1591247546.601597 	101890 
1591247546.644447 	101891 
1591247546.689714 	101892 
1591247546.731966 	101893 
1591247546.777200 	101894 
1591247546.819095 	101895 
1591247546.868002 	101896 
1591247546.910438 	101897 
1591247546.955901 	101898 
1591247546.999819 	101899 
1591247547.044625 	101900 
1591247547.087792 	101901 
1591247547.131413 	101902 
1591247547.174497 	101903 
1591247547.220383 	101904 
1591247547.264233 	101905 
1591247547.311156 	101906 
1591247547.355157 	101907 
1591247547.398920 	101908 
1591247547.441855 	101909 
1591247547.484787 	101910 
1591247547.527275 	101911 
1591247547.571709 	101912 
1591247547.615549 	101913 
1591247547.659517 	101914 
1591247547.702524 	101915 
1591247547.744432 	101916 
1591247547.786411 	101917 
1591247547.828477 	101918 
1591247547.870398 	101919 
1591247547.916254 	101920 
1591247547.965004 	101921 
1591247548.007995 	101922 
1591247548.055847 	101923 
1591247548.097267 	101924 
1591247548.139739 	101925 
1591247548.184527 	101926 
1591247548.228078 	101927 
1591247548.276374 	101928 
1591247548.319220 	101929 
1591247548.361248 	101930 
1591247548.403295 	101931 
1591247548.944940 	101932 
1591247548.987418 	101933 
1591247549.028393 	101934 
1591247549.070479 	101935 
1591247549.112897 	101936 
1591247549.155343 	101937 
1591247549.197733 	101938 
1591247549.240182 	101939 
1591247549.281650 	101940 
1591247549.322682 	101941 
1591247549.364631 	101942 
1591247549.407601 	101943 
1591247549.458227 	101944 
1591247549.501241 	101945 
1591247549.552082 	101946 
1591247549.593981 	101947 
1591247549.636972 	101948 
1591247550.078595 	101949 
1591247550.120681 	101950 
1591247550.162026 	101951 
1591247550.205115 	101952 
1591247550.258778 	101953 
1591247550.343236 	101954 
1591247550.384564 	101955 
1591247550.431416 	101956 
1591247550.532399 	101957 
1591247550.576303 	101958 
1591247550.653156 	101959 
1591247550.694647 	101960 
1591247550.745260 	101961 
1591247550.869790 	101962 
1591247550.947824 	101963 
1591247550.992617 	101964 
1591247551.073680 	101965 
1591247551.140031 	101966 
1591247551.220149 	101967 
1591247551.276117 	101968 
1591247551.384449 	101969 
1591247551.927269 	101970 
1591247551.971687 	101971 
1591247552.013054 	101972 
1591247552.055389 	101973 
1591247552.096512 	101974 
1591247552.139482 	101975 
1591247552.181520 	101976 
1591247552.225363 	101977 
1591247552.267535 	101978 
1591247552.309244 	101979 
1591247552.352388 	101980 
1591247552.394699 	101981 
1591247552.496843 	101982 
1591247552.572008 	101983 
1591247552.660783 	101984 
1591247552.772906 	101985 
1591247552.972561 	101986 
1591247553.037907 	101987 
1591247553.082187 	101988 
1591247553.140033 	101989 
1591247553.181338 	101990 
1591247553.288055 	101991 
1591247553.429849 	101992 
1591247553.472681 	101993 
1591247553.519450 	101994 
1591247553.562585 	101995 
1591247553.605405 	101996 
1591247553.647344 	101997 
1591247553.704270 	101998 
1591247553.746918 	101999 
